1,-3.1878,55.9444,0,-3.1875,55.9444,null
2,-3.1875,55.9444,180,-3.1878,55.9444,thank.salsa.brain
3,-3.1878,55.9444,0,-3.1875,55.9444,null
4,-3.1875,55.9444,0,-3.1872,55.9444,null
5,-3.1872,55.9444,300,-3.1870499999999997,55.94414019237887,null
6,-3.1870499999999997,55.94414019237887,320,-3.186820186667064,55.94394735609596,null
7,-3.186820186667064,55.94394735609596,20,-3.1865382788808283,55.94404996213896,null
8,-3.1865382788808283,55.94404996213896,20,-3.1862563710945926,55.94415256818196,null
9,-3.1862563710945926,55.94415256818196,20,-3.185974463308357,55.94425517422496,null
10,-3.185974463308357,55.94425517422496,20,-3.185692555522121,55.944357780267964,atoms.vanish.foods
11,-3.185692555522121,55.944357780267964,120,-3.1858425555221213,55.9446175878891,null
12,-3.1858425555221213,55.9446175878891,120,-3.1859925555221214,55.94487739551023,null
13,-3.1859925555221214,55.94487739551023,140,-3.186222368855057,55.94507023179314,null
14,-3.186222368855057,55.94507023179314,140,-3.1864521821879928,55.945263068076045,null
15,-3.1864521821879928,55.945263068076045,120,-3.186602182187993,55.94552287569718,hidden.handle.softly
16,-3.186602182187993,55.94552287569718,40,-3.186372368855057,55.945715711980085,posts.kicked.universally
17,-3.186372368855057,55.945715711980085,20,-3.1860904610688214,55.945818318023086,null
18,-3.1860904610688214,55.945818318023086,40,-3.1858606477358857,55.94601115430599,renew.slows.basket
19,-3.1858606477358857,55.94601115430599,20,-3.18557873994965,55.94611376034899,null
20,-3.18557873994965,55.94611376034899,0,-3.18527873994965,55.94611376034899,prime.rent.silk
21,-3.18527873994965,55.94611376034899,320,-3.185048926616714,55.94592092406609,rider.aura.bulb
22,-3.185048926616714,55.94592092406609,320,-3.1848191132837784,55.94572808778318,null
23,-3.1848191132837784,55.94572808778318,300,-3.1846691132837783,55.945468280162046,null
24,-3.1846691132837783,55.945468280162046,320,-3.1844392999508426,55.94527544387914,settle.title.united
25,-3.1844392999508426,55.94527544387914,270,-3.1844392999508426,55.94497544387914,null
26,-3.1844392999508426,55.94497544387914,270,-3.1844392999508426,55.944675443879134,null
27,-3.1844392999508426,55.944675443879134,250,-3.1845419059938402,55.944393536092896,null
28,-3.1845419059938402,55.944393536092896,250,-3.184644512036838,55.94411162830666,null
29,-3.184644512036838,55.94411162830666,270,-3.184644512036838,55.943811628306655,rider.mile.lime
30,-3.184644512036838,55.943811628306655,260,-3.184696606490138,55.94351618598075,null
31,-3.184696606490138,55.94351618598075,260,-3.184748700943438,55.94322074365484,brings.remedy.latter
32,-3.184748700943438,55.94322074365484,160,-3.1850306087296736,55.94332334969784,null
33,-3.1850306087296736,55.94332334969784,160,-3.1853125165159093,55.94342595574084,null
34,-3.1853125165159093,55.94342595574084,160,-3.185594424302145,55.94352856178384,null
35,-3.185594424302145,55.94352856178384,180,-3.185894424302145,55.94352856178384,record.sofa.sock
36,-3.185894424302145,55.94352856178384,300,-3.185744424302145,55.94326875416271,null
37,-3.185744424302145,55.94326875416271,300,-3.185594424302145,55.943008946541575,toned.deflection.bland
38,-3.185594424302145,55.943008946541575,180,-3.185894424302145,55.943008946541575,null
39,-3.185894424302145,55.943008946541575,180,-3.1861944243021454,55.943008946541575,hers.banks.goat
40,-3.1861944243021454,55.943008946541575,170,-3.1864898666280492,55.94306104099488,null
41,-3.1864898666280492,55.94306104099488,180,-3.1867898666280494,55.94306104099488,null
42,-3.1867898666280494,55.94306104099488,180,-3.1870898666280496,55.94306104099488,null
43,-3.1870898666280496,55.94306104099488,160,-3.1873717744142853,55.94316364703788,null
44,-3.1873717744142853,55.94316364703788,180,-3.1876717744142855,55.94316364703788,gums.clock.modes
45,-3.1876717744142855,55.94316364703788,180,-3.1879717744142857,55.94316364703788,null
46,-3.1879717744142857,55.94316364703788,180,-3.188271774414286,55.94316364703788,null
47,-3.188271774414286,55.94316364703788,180,-3.188571774414286,55.94316364703788,groups.ideas.script
48,-3.188571774414286,55.94316364703788,180,-3.1888717744142863,55.94316364703788,null
49,-3.1888717744142863,55.94316364703788,160,-3.189153682200522,55.94326625308088,null
50,-3.189153682200522,55.94326625308088,180,-3.189453682200522,55.94326625308088,null
51,-3.189453682200522,55.94326625308088,160,-3.189735589986758,55.94336885912388,null
52,-3.189735589986758,55.94336885912388,180,-3.190035589986758,55.94336885912388,arts.dish.scarcely
53,-3.190035589986758,55.94336885912388,220,-3.1902654033196938,55.94317602284097,null
54,-3.1902654033196938,55.94317602284097,220,-3.1904952166526295,55.94298318655807,tonic.bliss.cove
55,-3.1904952166526295,55.94298318655807,200,-3.190777124438865,55.942880580515066,null
56,-3.190777124438865,55.942880580515066,200,-3.191059032225101,55.942777974472065,along.spill.limp
57,-3.191059032225101,55.942777974472065,100,-3.191111126678401,55.94307341679797,null
58,-3.191111126678401,55.94307341679797,100,-3.191163221131701,55.94336885912388,null
59,-3.191163221131701,55.94336885912388,80,-3.191111126678401,55.943664301449786,null
60,-3.191111126678401,55.943664301449786,100,-3.191163221131701,55.94395974377569,spicy.bunch.shady
61,-3.191163221131701,55.94395974377569,80,-3.191111126678401,55.9442551861016,paying.crowd.weep
62,-3.191111126678401,55.9442551861016,120,-3.191261126678401,55.944514993722734,null
63,-3.191261126678401,55.944514993722734,120,-3.191411126678401,55.94477480134387,null
64,-3.191411126678401,55.94477480134387,120,-3.191561126678401,55.945034608965,hills.feels.tunes
65,-3.191561126678401,55.945034608965,40,-3.1913313133454655,55.94522744524791,null
66,-3.1913313133454655,55.94522744524791,40,-3.19110150001253,55.945420281530815,null
67,-3.19110150001253,55.945420281530815,20,-3.190819592226294,55.945522887573816,null
68,-3.190819592226294,55.945522887573816,40,-3.1905897788933584,55.94571572385672,null
69,-3.1905897788933584,55.94571572385672,20,-3.1903078711071227,55.94581832989972,null
70,-3.1903078711071227,55.94581832989972,40,-3.190078057774187,55.94601116618263,love.behind.orchestra
71,-3.190078057774187,55.94601116618263,300,-3.189928057774187,55.945751358561495,null
72,-3.189928057774187,55.945751358561495,280,-3.189875963320887,55.94545591623559,turkey.limit.ramp
73,-3.189875963320887,55.94545591623559,340,-3.189594055534651,55.94535331019259,null
74,-3.189594055534651,55.94535331019259,320,-3.1893642422017154,55.94516047390968,number.exist.rate
75,-3.1893642422017154,55.94516047390968,40,-3.1891344288687797,55.94535331019259,null
76,-3.1891344288687797,55.94535331019259,60,-3.1889844288687796,55.94561311781372,stops.else.chats
77,-3.1889844288687796,55.94561311781372,320,-3.188754615535844,55.945420281530815,shady.soft.phones
78,-3.188754615535844,55.945420281530815,20,-3.1884727077496082,55.945522887573816,skills.less.herb
79,-3.1884727077496082,55.945522887573816,20,-3.1881907999633725,55.94562549361682,null
80,-3.1881907999633725,55.94562549361682,20,-3.187908892177137,55.94572809965982,null
81,-3.187908892177137,55.94572809965982,20,-3.187626984390901,55.94583070570282,null
82,-3.187626984390901,55.94583070570282,20,-3.1873450766046654,55.94593331174582,slips.mass.baking
83,-3.1873450766046654,55.94593331174582,320,-3.1871152632717297,55.94574047546291,null
84,-3.1871152632717297,55.94574047546291,310,-3.186922426988824,55.945510662129976,spent.spoon.bolt
85,-3.186922426988824,55.945510662129976,310,-3.186729590705918,55.94528084879704,null
86,-3.186729590705918,55.94528084879704,290,-3.1866269846629205,55.9449989410108,laws.merit.bleak
87,-3.1866269846629205,55.9449989410108,300,-3.1864769846629204,55.94473913338967,null
88,-3.1864769846629204,55.94473913338967,210,-3.186736792284056,55.94458913338967,artist.gets.react
89,-3.186736792284056,55.94458913338967,190,-3.1870322346099598,55.94453703893637,null
90,-3.1870322346099598,55.94453703893637,190,-3.1873276769358636,55.944484944483065,only.fairly.rift
91,-3.1873276769358636,55.944484944483065,230,-3.1875205132187694,55.94425513115013,bound.ends.matter
92,-3.1875205132187694,55.94425513115013,160,-3.187802421005005,55.94435773719313,null
