1,-3.1878,55.9444,20,-3.1875180922137645,55.944502606043,null
2,-3.1875180922137645,55.944502606043,0,-3.1872180922137643,55.944502606043,only.fairly.rift
3,-3.1872180922137643,55.944502606043,30,-3.1869582845926288,55.944652606043,null
4,-3.1869582845926288,55.944652606043,20,-3.186676376806393,55.944755212086,null
5,-3.186676376806393,55.944755212086,40,-3.1864465634734573,55.94494804836891,laws.merit.bleak
6,-3.1864465634734573,55.94494804836891,140,-3.186676376806393,55.94514088465181,null
7,-3.186676376806393,55.94514088465181,140,-3.1869061901393287,55.94533372093472,spent.spoon.bolt
8,-3.1869061901393287,55.94533372093472,120,-3.187056190139329,55.945593528555854,null
9,-3.187056190139329,55.945593528555854,160,-3.1873380979255646,55.945696134598855,diner.leaves.mutual
10,-3.1873380979255646,55.945696134598855,200,-3.1876200057118003,55.945593528555854,null
11,-3.1876200057118003,55.945593528555854,180,-3.1879200057118005,55.945593528555854,null
12,-3.1879200057118005,55.945593528555854,200,-3.188201913498036,55.94549092251285,skills.less.herb
13,-3.188201913498036,55.94549092251285,180,-3.1885019134980364,55.94549092251285,null
14,-3.1885019134980364,55.94549092251285,180,-3.1888019134980365,55.94549092251285,shady.soft.phones
15,-3.1888019134980365,55.94549092251285,280,-3.1887498190447365,55.945195480186946,rooms.lamp.teach
16,-3.1887498190447365,55.945195480186946,200,-3.1890317268309722,55.945092874143945,number.exist.rate
17,-3.1890317268309722,55.945092874143945,120,-3.1891817268309723,55.94535268176508,null
18,-3.1891817268309723,55.94535268176508,120,-3.1893317268309724,55.945612489386214,museum.spicy.horns
19,-3.1893317268309724,55.945612489386214,100,-3.1893838212842724,55.94590793171212,coherent.saints.stuck
20,-3.1893838212842724,55.94590793171212,160,-3.189665729070508,55.94601053775512,null
21,-3.189665729070508,55.94601053775512,180,-3.1899657290705083,55.94601053775512,love.behind.orchestra
22,-3.1899657290705083,55.94601053775512,180,-3.1902657290705085,55.94601053775512,null
23,-3.1902657290705085,55.94601053775512,180,-3.1905657290705087,55.94601053775512,null
24,-3.1905657290705087,55.94601053775512,180,-3.190865729070509,55.94601053775512,null
25,-3.190865729070509,55.94601053775512,180,-3.191165729070509,55.94601053775512,simple.rust.audio
26,-3.191165729070509,55.94601053775512,240,-3.191315729070509,55.94575073013399,null
27,-3.191315729070509,55.94575073013399,240,-3.1914657290705093,55.94549092251285,null
28,-3.1914657290705093,55.94549092251285,240,-3.1916157290705094,55.94523111489172,hills.feels.tunes
29,-3.1916157290705094,55.94523111489172,200,-3.191897636856745,55.94512850884872,null
30,-3.191897636856745,55.94512850884872,180,-3.1921976368567453,55.94512850884872,useful.hike.trades
31,-3.1921976368567453,55.94512850884872,290,-3.1920950308137477,55.94484660106248,null
32,-3.1920950308137477,55.94484660106248,290,-3.19199242477075,55.94456469327624,null
33,-3.19199242477075,55.94456469327624,290,-3.1918898187277525,55.94428278549,null
34,-3.1918898187277525,55.94428278549,290,-3.191787212684755,55.944000877703765,null
35,-3.191787212684755,55.944000877703765,290,-3.1916846066417572,55.943718969917526,null
36,-3.1916846066417572,55.943718969917526,290,-3.1915820005987596,55.94343706213129,null
37,-3.1915820005987596,55.94343706213129,290,-3.191479394555762,55.94315515434505,null
38,-3.191479394555762,55.94315515434505,310,-3.1912865582728562,55.94292534101211,null
39,-3.1912865582728562,55.94292534101211,310,-3.1910937219899504,55.94269552767918,along.spill.limp
40,-3.1910937219899504,55.94269552767918,40,-3.1908639086570147,55.94288836396208,null
41,-3.1908639086570147,55.94288836396208,60,-3.1907139086570147,55.94314817158322,relate.chill.vest
42,-3.1907139086570147,55.94314817158322,300,-3.1905639086570146,55.94288836396208,tonic.bliss.cove
43,-3.1905639086570146,55.94288836396208,0,-3.1902639086570144,55.94288836396208,null
44,-3.1902639086570144,55.94288836396208,0,-3.189963908657014,55.94288836396208,second.launch.miles
45,-3.189963908657014,55.94288836396208,120,-3.1901139086570143,55.94314817158322,null
46,-3.1901139086570143,55.94314817158322,100,-3.1901660031103143,55.943443613909125,arts.dish.scarcely
47,-3.1901660031103143,55.943443613909125,120,-3.1903160031103144,55.94370342153026,sculpture.shot.melon
48,-3.1903160031103144,55.94370342153026,20,-3.1900340953240787,55.94380602757326,null
49,-3.1900340953240787,55.94380602757326,20,-3.189752187537843,55.94390863361626,null
50,-3.189752187537843,55.94390863361626,20,-3.1894702797516072,55.94401123965926,null
51,-3.1894702797516072,55.94401123965926,20,-3.1891883719653715,55.94411384570226,spoon.invest.every
52,-3.1891883719653715,55.94411384570226,20,-3.188906464179136,55.94421645174526,null
53,-3.188906464179136,55.94421645174526,20,-3.1886245563929,55.94431905778826,null
54,-3.1886245563929,55.94431905778826,0,-3.1883245563929,55.94431905778826,trades.rare.cable
55,-3.1883245563929,55.94431905778826,300,-3.1881745563929,55.94405925016713,null
56,-3.1881745563929,55.94405925016713,280,-3.1881224619396,55.94376380784122,null
57,-3.1881224619396,55.94376380784122,300,-3.1879724619395997,55.94350400022009,scare.cubs.resort
58,-3.1879724619395997,55.94350400022009,40,-3.187742648606664,55.943696836502994,null
59,-3.187742648606664,55.943696836502994,40,-3.1875128352737283,55.9438896727859,begins.spider.drips
60,-3.1875128352737283,55.9438896727859,20,-3.1872309274874926,55.9439922788289,null
61,-3.1872309274874926,55.9439922788289,0,-3.1869309274874924,55.9439922788289,renew.ears.tend
62,-3.1869309274874924,55.9439922788289,240,-3.1870809274874925,55.94373247120777,null
63,-3.1870809274874925,55.94373247120777,260,-3.1871330219407925,55.94343702888186,scale.chair.kinds
64,-3.1871330219407925,55.94343702888186,280,-3.1870809274874925,55.94314158655595,null
65,-3.1870809274874925,55.94314158655595,280,-3.1870288330341925,55.942846144230046,strut.river.surely
66,-3.1870288330341925,55.942846144230046,0,-3.1867288330341923,55.942846144230046,null
67,-3.1867288330341923,55.942846144230046,0,-3.186428833034192,55.942846144230046,under.retire.bump
68,-3.186428833034192,55.942846144230046,130,-3.186621669317098,55.94307595756298,null
69,-3.186621669317098,55.94307595756298,110,-3.1867242753600955,55.94335786534922,null
70,-3.1867242753600955,55.94335786534922,90,-3.1867242753600955,55.94365786534922,null
71,-3.1867242753600955,55.94365786534922,60,-3.1865742753600954,55.94391767297036,lime.learns.front
72,-3.1865742753600954,55.94391767297036,0,-3.186274275360095,55.94391767297036,null
73,-3.186274275360095,55.94391767297036,0,-3.185974275360095,55.94391767297036,teams.mild.played
74,-3.185974275360095,55.94391767297036,0,-3.185674275360095,55.94391767297036,null
75,-3.185674275360095,55.94391767297036,0,-3.1853742753600947,55.94391767297036,null
76,-3.1853742753600947,55.94391767297036,0,-3.1850742753600945,55.94391767297036,null
77,-3.1850742753600945,55.94391767297036,0,-3.1847742753600943,55.94391767297036,rider.mile.lime
78,-3.1847742753600943,55.94391767297036,80,-3.1847221809067943,55.944213115296265,null
79,-3.1847221809067943,55.944213115296265,80,-3.1846700864534943,55.94450855762217,null
80,-3.1846700864534943,55.94450855762217,80,-3.1846179920001942,55.94480399994808,null
81,-3.1846179920001942,55.94480399994808,70,-3.1845153859571966,55.94508590773432,null
82,-3.1845153859571966,55.94508590773432,90,-3.1845153859571966,55.94538590773432,settle.title.united
83,-3.1845153859571966,55.94538590773432,190,-3.1848108282831005,55.94533381328102,null
84,-3.1848108282831005,55.94533381328102,190,-3.1851062706090043,55.945281718827715,null
85,-3.1851062706090043,55.945281718827715,210,-3.18536607823014,55.94513171882772,null
86,-3.18536607823014,55.94513171882772,210,-3.1856258858512754,55.94498171882772,null
87,-3.1856258858512754,55.94498171882772,190,-3.185921328177179,55.94492962437442,null
88,-3.185921328177179,55.94492962437442,210,-3.1861811357983147,55.94477962437442,null
89,-3.1861811357983147,55.94477962437442,190,-3.1864765781242186,55.94472752992112,null
90,-3.1864765781242186,55.94472752992112,210,-3.186736385745354,55.94457752992112,artist.gets.react
91,-3.186736385745354,55.94457752992112,180,-3.1870363857453543,55.94457752992112,null
92,-3.1870363857453543,55.94457752992112,190,-3.187331828071258,55.94452543546782,null
93,-3.187331828071258,55.94452543546782,190,-3.187627270397162,55.944473341014515,null
