1,-3.1878,55.9444,0,-3.1875,55.9444,null
2,-3.1875,55.9444,180,-3.1878,55.9444,thank.salsa.brain
3,-3.1878,55.9444,110,-3.187902606042998,55.94468190778624,null
4,-3.187902606042998,55.94468190778624,120,-3.188052606042998,55.944941715407374,agents.mile.crib
5,-3.188052606042998,55.944941715407374,260,-3.188104700496298,55.94464627308147,null
6,-3.188104700496298,55.94464627308147,260,-3.188156794949598,55.94435083075556,null
7,-3.188156794949598,55.94435083075556,260,-3.188208889402898,55.94405538842965,null
8,-3.188208889402898,55.94405538842965,240,-3.188358889402898,55.94379558080852,null
9,-3.188358889402898,55.94379558080852,260,-3.188410983856198,55.94350013848261,null
10,-3.188410983856198,55.94350013848261,240,-3.188560983856198,55.94324033086148,groups.ideas.script
11,-3.188560983856198,55.94324033086148,200,-3.188842891642434,55.94313772481848,null
12,-3.188842891642434,55.94313772481848,200,-3.1891247994286696,55.94303511877548,region.passes.pencil
13,-3.1891247994286696,55.94303511877548,200,-3.1894067072149053,55.942932512732476,null
14,-3.1894067072149053,55.942932512732476,200,-3.189688615001141,55.942829906689475,hooked.shine.third
15,-3.189688615001141,55.942829906689475,170,-3.189984057327045,55.94288200114278,second.launch.miles
16,-3.189984057327045,55.94288200114278,180,-3.190284057327045,55.94288200114278,null
17,-3.190284057327045,55.94288200114278,160,-3.1905659651132807,55.94298460718578,null
18,-3.1905659651132807,55.94298460718578,180,-3.190865965113281,55.94298460718578,null
19,-3.190865965113281,55.94298460718578,160,-3.1911478728995166,55.94308721322878,else.urban.museum
20,-3.1911478728995166,55.94308721322878,80,-3.1910957784462166,55.943382655554686,null
21,-3.1910957784462166,55.943382655554686,100,-3.1911478728995166,55.94367809788059,loaf.cheer.slave
22,-3.1911478728995166,55.94367809788059,80,-3.1910957784462166,55.9439735402065,hills.giant.crate
23,-3.1910957784462166,55.9439735402065,140,-3.1913255917791523,55.944166376489406,null
24,-3.1913255917791523,55.944166376489406,140,-3.191555405112088,55.94435921277231,null
25,-3.191555405112088,55.94435921277231,140,-3.1917852184450237,55.94455204905522,null
26,-3.1917852184450237,55.94455204905522,120,-3.191935218445024,55.94481185667635,null
27,-3.191935218445024,55.94481185667635,140,-3.1921650317779595,55.94500469295926,useful.hike.trades
28,-3.1921650317779595,55.94500469295926,340,-3.191883123991724,55.94490208691626,null
29,-3.191883123991724,55.94490208691626,340,-3.191601216205488,55.94479948087326,null
30,-3.191601216205488,55.94479948087326,340,-3.1913193084192524,55.94469687483026,null
31,-3.1913193084192524,55.94469687483026,0,-3.191019308419252,55.94469687483026,estate.gave.votes
32,-3.191019308419252,55.94469687483026,260,-3.191071402872552,55.94440143250435,paying.crowd.weep
33,-3.191071402872552,55.94440143250435,340,-3.1907894950863165,55.94429882646135,null
34,-3.1907894950863165,55.94429882646135,340,-3.1905075873000808,55.94419622041835,null
35,-3.1905075873000808,55.94419622041835,0,-3.1902075873000806,55.94419622041835,null
36,-3.1902075873000806,55.94419622041835,340,-3.189925679513845,55.94409361437535,cliff.asleep.wedge
37,-3.189925679513845,55.94409361437535,0,-3.1896256795138447,55.94409361437535,null
38,-3.1896256795138447,55.94409361437535,340,-3.189343771727609,55.94399100833235,null
39,-3.189343771727609,55.94399100833235,0,-3.189043771727609,55.94399100833235,noted.friday.jams
40,-3.189043771727609,55.94399100833235,120,-3.189193771727609,55.94425081595348,spoon.invest.every
41,-3.189193771727609,55.94425081595348,80,-3.189141677274309,55.94454625827939,null
42,-3.189141677274309,55.94454625827939,80,-3.189089582821009,55.944841700605295,null
43,-3.189089582821009,55.944841700605295,60,-3.1889395828210088,55.94510150822643,null
44,-3.1889395828210088,55.94510150822643,60,-3.1887895828210087,55.94536131584756,shady.soft.phones
45,-3.1887895828210087,55.94536131584756,140,-3.1890193961539444,55.94555415213047,null
46,-3.1890193961539444,55.94555415213047,140,-3.18924920948688,55.945746988413376,null
47,-3.18924920948688,55.945746988413376,120,-3.18939920948688,55.94600679603451,coherent.saints.stuck
48,-3.18939920948688,55.94600679603451,0,-3.18909920948688,55.94600679603451,null
49,-3.18909920948688,55.94600679603451,0,-3.18879920948688,55.94600679603451,null
50,-3.18879920948688,55.94600679603451,20,-3.188517301700644,55.94610940207751,boost.radar.stress
51,-3.188517301700644,55.94610940207751,340,-3.1882353939144084,55.94600679603451,null
52,-3.1882353939144084,55.94600679603451,340,-3.1879534861281726,55.94590418999151,null
53,-3.1879534861281726,55.94590418999151,340,-3.187671578341937,55.94580158394851,null
54,-3.187671578341937,55.94580158394851,340,-3.187389670555701,55.94569897790551,null
55,-3.187389670555701,55.94569897790551,330,-3.1871298629345657,55.94554897790551,null
56,-3.1871298629345657,55.94554897790551,20,-3.18684795514833,55.94565158394851,null
57,-3.18684795514833,55.94565158394851,250,-3.1869505611913276,55.94536967616227,spent.spoon.bolt
58,-3.1869505611913276,55.94536967616227,40,-3.186720747858392,55.94556251244518,null
59,-3.186720747858392,55.94556251244518,20,-3.186438840072156,55.94566511848818,null
60,-3.186438840072156,55.94566511848818,40,-3.1862090267392205,55.945857954771085,null
61,-3.1862090267392205,55.945857954771085,20,-3.1859271189529847,55.945960560814086,renew.slows.basket
62,-3.1859271189529847,55.945960560814086,320,-3.185697305620049,55.94576772453118,null
63,-3.185697305620049,55.94576772453118,320,-3.1854674922871133,55.945574888248274,null
64,-3.1854674922871133,55.945574888248274,320,-3.1852376789541776,55.94538205196537,null
65,-3.1852376789541776,55.94538205196537,320,-3.185007865621242,55.94518921568246,null
66,-3.185007865621242,55.94518921568246,340,-3.1847259578350062,55.94508660963946,null
67,-3.1847259578350062,55.94508660963946,340,-3.1844440500487705,55.94498400359646,sports.topic.clocks
68,-3.1844440500487705,55.94498400359646,270,-3.1844440500487705,55.94468400359646,null
69,-3.1844440500487705,55.94468400359646,270,-3.1844440500487705,55.944384003596454,null
70,-3.1844440500487705,55.944384003596454,250,-3.184546656091768,55.944102095810216,null
71,-3.184546656091768,55.944102095810216,250,-3.1846492621347657,55.94382018802398,null
72,-3.1846492621347657,55.94382018802398,270,-3.1846492621347657,55.943520188023975,null
73,-3.1846492621347657,55.943520188023975,250,-3.1847518681777633,55.943238280237736,null
74,-3.1847518681777633,55.943238280237736,270,-3.1847518681777633,55.94293828023773,courier.assume.bill
75,-3.1847518681777633,55.94293828023773,100,-3.1848039626310634,55.94323372256364,brings.remedy.latter
76,-3.1848039626310634,55.94323372256364,140,-3.185033775963999,55.94342655884655,null
77,-3.185033775963999,55.94342655884655,140,-3.1852635892969348,55.94361939512945,null
78,-3.1852635892969348,55.94361939512945,120,-3.185413589296935,55.94387920275059,manliness.poem.cliff
79,-3.185413589296935,55.94387920275059,320,-3.185183775963999,55.94368636646768,hello.love.keys
80,-3.185183775963999,55.94368636646768,240,-3.1853337759639992,55.94342655884655,null
81,-3.1853337759639992,55.94342655884655,240,-3.1854837759639993,55.94316675122541,toned.deflection.bland
82,-3.1854837759639993,55.94316675122541,260,-3.1855358704172994,55.942871308899505,dent.shins.cycle
83,-3.1855358704172994,55.942871308899505,180,-3.1858358704172995,55.942871308899505,null
84,-3.1858358704172995,55.942871308899505,180,-3.1861358704172997,55.942871308899505,under.retire.bump
85,-3.1861358704172997,55.942871308899505,160,-3.1864177782035354,55.942973914942506,hers.banks.goat
86,-3.1864177782035354,55.942973914942506,190,-3.1867132205294393,55.942921820489204,null
87,-3.1867132205294393,55.942921820489204,180,-3.1870132205294395,55.942921820489204,valve.elaborate.fortunate
88,-3.1870132205294395,55.942921820489204,280,-3.1869611260761395,55.9426263781633,strut.river.surely
89,-3.1869611260761395,55.9426263781633,100,-3.1870132205294395,55.942921820489204,null
90,-3.1870132205294395,55.942921820489204,120,-3.1871632205294396,55.94318162811034,scale.chair.kinds
91,-3.1871632205294396,55.94318162811034,80,-3.1871111260761396,55.943477070436245,null
92,-3.1871111260761396,55.943477070436245,80,-3.1870590316228395,55.94377251276215,null
93,-3.1870590316228395,55.94377251276215,80,-3.1870069371695395,55.94406795508806,renew.ears.tend
94,-3.1870069371695395,55.94406795508806,160,-3.1872888449557752,55.94417056113106,null
95,-3.1872888449557752,55.94417056113106,150,-3.187548652576911,55.94432056113106,null
96,-3.187548652576911,55.94432056113106,170,-3.1878440949028146,55.94437265558436,null
